[gd_scene load_steps=4 format=3 uid="uid://dvok03385bmr0"]

[sub_resource type="StandardMaterial3D" id="StandardMaterial3D_t8bpd"]

[sub_resource type="Environment" id="Environment_pn2yo"]
background_mode = 1
background_color = Color(1, 1, 1, 1)
ambient_light_source = 3
tonemap_mode = 3
glow_enabled = true
fog_sky_affect = 0.284

[sub_resource type="CameraAttributesPractical" id="CameraAttributesPractical_8w1sp"]

[node name="Floor" type="CSGBox3D" groups=["Danger"]]
transform = Transform3D(1, 0, 0, 0, 1, 0, 0, 0, 1, 0, -4, 0)
use_collision = true
size = Vector3(30, 8, 5)
material = SubResource("StandardMaterial3D_t8bpd")

[node name="CSGBox3D" type="CSGBox3D" parent="."]
transform = Transform3D(0.977515, -0.210864, 0, 0.210864, 0.977515, 0, 0, 0, 1, -13.7426, 8.27086, 0)
size = Vector3(4, 10, 4)
material = SubResource("StandardMaterial3D_t8bpd")

[node name="bg" type="CSGBox3D" parent="."]
transform = Transform3D(0.957898, 0.28711, 0, -0.248436, 0.828869, 0.501254, 0.143915, -0.48015, 0.8653, -10.3328, 1.91063, -4.91491)
size = Vector3(4, 10, 4)
material = SubResource("StandardMaterial3D_t8bpd")

[node name="bg2" type="CSGBox3D" parent="."]
transform = Transform3D(0.957898, 0.28711, 0, -0.248436, 0.828869, 0.501254, 0.143915, -0.48015, 0.8653, -7.52978, 12.664, -7.14003)
size = Vector3(4, 10, 4)
material = SubResource("StandardMaterial3D_t8bpd")

[node name="bg3" type="CSGBox3D" parent="."]
transform = Transform3D(0.957898, 0.28711, 0, -0.248436, 0.828869, 0.501254, 0.143915, -0.48015, 0.8653, -3.64531, 1.11683, -7.14003)
size = Vector3(4, 10, 4)
material = SubResource("StandardMaterial3D_t8bpd")

[node name="bg4" type="CSGBox3D" parent="."]
transform = Transform3D(0.697451, 0.423307, -0.57825, 0.385994, -0.901751, -0.194562, -0.603797, -0.0875034, -0.792321, 1.49397, 14.2395, -7.14003)
size = Vector3(4, 10, 4)
material = SubResource("StandardMaterial3D_t8bpd")

[node name="bg5" type="CSGBox3D" parent="."]
transform = Transform3D(0.697451, 0.423307, -0.57825, 0.385994, -0.901751, -0.194562, -0.603797, -0.0875034, -0.792321, 6.24026, 1.77815, -7.14003)
size = Vector3(4, 10, 4)
material = SubResource("StandardMaterial3D_t8bpd")

[node name="bg6" type="CSGBox3D" parent="."]
transform = Transform3D(0.697451, 0.423307, -0.57825, 0.385994, -0.901751, -0.194562, -0.603797, -0.0875034, -0.792321, 10.3258, 5.88241, -8.9215)
size = Vector3(4, 10, 4)
material = SubResource("StandardMaterial3D_t8bpd")

[node name="bg7" type="CSGBox3D" parent="."]
transform = Transform3D(0.697451, 0.423307, -0.57825, 0.385994, -0.901751, -0.194562, -0.603797, -0.0875034, -0.792321, 14.9961, 3.33724, -7.14003)
size = Vector3(4, 10, 4)
material = SubResource("StandardMaterial3D_t8bpd")

[node name="CSGBox3D2" type="CSGBox3D" parent="."]
transform = Transform3D(0.994614, 0.103643, 0, -0.103643, 0.994614, 0, 0, 0, 1, 13.4208, 7.94576, 0)
size = Vector3(4, 10, 4)
material = SubResource("StandardMaterial3D_t8bpd")

[node name="CSGBox3D3" type="CSGBox3D" parent="."]
transform = Transform3D(0.478738, -0.877958, 0, 0.877958, 0.478738, 0, 0, 0, 1, 9.58349, 14.9845, 0)
size = Vector3(4, 10, 4)
material = SubResource("StandardMaterial3D_t8bpd")

[node name="CSGBox3D4" type="CSGBox3D" parent="."]
transform = Transform3D(-0.229455, -0.973319, 0, 0.973319, -0.229455, 0, 0, 0, 1, 4.25748, 14.9845, 0)
size = Vector3(4, 10, 4)
material = SubResource("StandardMaterial3D_t8bpd")

[node name="CSGBox3D5" type="CSGBox3D" parent="."]
transform = Transform3D(0.0545649, -0.996486, 0.0635496, 0.997939, 0.0522702, -0.0372301, 0.0337775, 0.06545, 0.997284, -1.37778, 14.9845, 0)
size = Vector3(4, 10, 4)
material = SubResource("StandardMaterial3D_t8bpd")

[node name="CSGBox3D6" type="CSGBox3D" parent="."]
transform = Transform3D(-0.438925, -0.895501, 0.0736364, 0.897888, -0.440221, -0.00152011, 0.0337775, 0.06545, 0.997284, -10.1289, 14.9845, 0)
size = Vector3(4, 10, 4)
material = SubResource("StandardMaterial3D_t8bpd")

[node name="DirectionalLight3D" type="DirectionalLight3D" parent="."]
transform = Transform3D(-0.873891, -0.48598, -0.0117807, 0.142572, -0.27939, 0.949534, -0.464746, 0.828109, 0.313444, -2.70535, 2.17071, -2.10591)
light_bake_mode = 1
shadow_enabled = true

[node name="WorldEnvironment" type="WorldEnvironment" parent="."]
environment = SubResource("Environment_pn2yo")
camera_attributes = SubResource("CameraAttributesPractical_8w1sp")

[node name="OmniLight3D" type="OmniLight3D" parent="."]
transform = Transform3D(1, 0, 0, 0, 1, 0, 0, 0, 1, 0, 9.09503, 0)
omni_range = 8.042
omni_attenuation = 0.5

[node name="OmniLight3D2" type="OmniLight3D" parent="."]
transform = Transform3D(1, 0, 0, 0, 1, 0, 0, 0, 1, -10.5507, 9.09503, 0)
omni_range = 8.042
omni_attenuation = 0.5

[node name="OmniLight3D3" type="OmniLight3D" parent="."]
transform = Transform3D(1, 0, 0, 0, 1, 0, 0, 0, 1, 7.44292, 9.09503, 0)
omni_range = 8.042
omni_attenuation = 0.5
